85
82
73
83
89
83
49
49
48
48
32
85
82
73
78
65
76
89
83
73
83
32
32
32
10
13
reply back
reply end
83
101
113
46
78
111
46
32
32
32
32
32
52
32
32
32
32
32
32
32
32
32
32
32
10
13
reply back
reply end
80
97
116
46
73
68
58
32
32
32
32
32
32
32
32
32
32
32
32
32
32
32
32
32
10
13
reply back
reply end
50
57
46
48
56
46
50
48
49
56
32
32
32
32
32
32
32
32
32
49
52
58
50
52
10
13
reply back
reply end
42
32
32
32
32
32
32
32
32
32
32
32
32
32
32
32
32
32
32
32
32
32
32
32
10
13
reply back
reply end
32
32
83
71
32
32
32
32
49
46
48
48
48
32
32
32
32
32
32
32
32
32
32
32
10
13
reply back
reply end
32
32
112
72
32
32
32
32
32
32
32
32
55
32
32
32
32
32
32
32
32
32
32
32
10
13
reply back
reply end
32
32
76
69
85
32
32
32
32
32
110
101
103
32
32
32
32
32
32
32
32
32
32
32
10
13
reply back
reply end
42
32
78
73
84
32
32
32
32
32
32
49
43
32
32
32
32
32
32
32
32
32
32
32
10
13
reply back
reply end
32
32
80
82
79
32
32
32
32
32
110
101
103
32
32
32
32
32
32
32
32
32
32
32
10
13
reply back
reply end
32
32
71
76
85
32
32
32
32
32
110
101
103
32
32
32
32
32
32
32
32
32
32
32
10
13
reply back
reply end
32
32
75
69
84
32
32
32
32
32
110
101
103
32
32
32
32
32
32
32
32
32
32
32
10
13
reply back
reply end
32
32
85
66
71
32
32
32
32
32
110
101
103
32
32
32
32
32
32
32
32
32
32
32
10
13
reply back
reply end
32
32
66
73
76
32
32
32
32
32
110
101
103
32
32
32
32
32
32
32
32
32
32
32
10
13
reply back
reply end
32
32
69
82
89
32
32
32
32
32
110
101
103
32
32
32
32
32
32
32
32
32
32
32
10
13
reply back
reply end
46
46
46
46
46
46
46
46
46
46
46
46
46
46
46
46
46
46
46
46
46
46
46
46
10
13
reply back
reply end